3.00000	-1.43752	0.880960	1.10485	0.0388235	2.22070	0.975494	1.61124	0.997294	1.08050	0.00000	0.00000	0.00000
3.00000	-1.46260	0.847961	1.04828	0.343552	1.66113	1.02113	2.19350	1.21685	0.945006	0.00000	0.00000	0.00000
3.00000	-1.94297	1.03883	0.919837	-0.171532	1.87717	1.07973	1.66851	0.986525	1.06674	0.00000	0.00000	0.00000
3.00000	-1.78831	1.08993	1.06263	-0.0830262	2.30074	1.09782	1.74663	1.16534	1.21340	0.00000	0.00000	0.00000
3.00000	-1.89964	1.26944	1.20355	0.0811011	2.15471	1.07646	1.83076	1.08440	1.04869	0.00000	0.00000	0.00000
3.00000	-1.53497	0.784264	0.952832	0.295969	1.62363	1.17494	2.39077	1.42119	1.06708	0.00000	0.00000	0.00000
3.00000	-1.71161	1.02814	1.10118	0.161846	1.91405	1.08050	1.97247	1.09873	0.966587	0.00000	0.00000	0.00000
3.00000	-1.61342	0.928081	1.05355	0.171140	1.77003	1.01404	1.90800	1.04214	0.962993	0.00000	0.00000	0.00000
3.00000	-1.60885	0.743268	0.882247	0.0755028	1.27831	0.986582	1.80179	0.900723	0.915894	0.00000	0.00000	0.00000
3.00000	-1.77196	0.993171	1.01360	0.100432	1.57047	1.05412	1.96098	1.06434	0.972773	0.00000	0.00000	0.00000
3.00000	-1.87322	0.926106	0.864446	-0.0277787	1.25775	1.06073	1.88726	0.999164	0.933667	0.00000	0.00000	0.00000
3.00000	-1.51332	0.879039	1.03847	0.225845	1.87303	1.01360	2.13131	1.28288	1.03248	0.00000	0.00000	0.00000
3.00000	-1.61608	0.778830	0.904371	0.102089	1.57565	1.06166	2.06199	1.20513	1.02009	0.00000	0.00000	0.00000
3.00000	-1.53671	0.926473	1.07762	0.116288	2.07930	1.00527	1.94821	1.22275	1.12960	0.00000	0.00000	0.00000
3.00000	-2.35321	1.31656	0.923540	-0.375598	1.75579	1.17494	1.58410	0.924387	1.06073	0.00000	0.00000	0.00000
3.00000	-2.09562	1.08138	0.884791	-0.265929	1.56418	1.07634	1.59655	0.882112	0.993640	0.00000	0.00000	0.00000
3.00000	-2.25811	1.19228	0.898331	-0.320237	1.60809	1.18918	1.71592	0.970853	1.04064	0.00000	0.00000	0.00000
3.00000	-2.01708	1.09562	0.915894	-0.144528	1.91990	1.17494	1.81312	1.05296	1.01360	0.00000	0.00000	0.00000
3.00000	-2.30510	1.48169	1.16759	-0.130906	1.78165	1.18918	1.86154	1.06817	1.02866	0.00000	0.00000	0.00000
3.00000	-1.66978	0.880433	0.979686	0.223387	1.63025	1.15109	2.09186	1.07233	0.896785	0.00000	0.00000	0.00000
3.00000	-2.12580	1.30878	1.10782	-0.125977	1.94498	1.17494	1.75046	1.00113	1.06128	0.00000	0.00000	0.00000
3.00000	-1.41287	0.928146	1.12960	0.292293	2.33476	1.13434	2.39553	1.60550	1.21325	0.00000	0.00000	0.00000
3.00000	-1.84790	1.03226	1.00527	0.0155410	1.80985	1.09782	1.96802	1.18633	1.06644	0.00000	0.00000	0.00000
3.00000	-1.98310	1.21430	1.08586	-0.121181	1.85790	0.966587	1.54602	0.879414	1.04177	0.00000	0.00000	0.00000
3.00000	-1.95542	1.07094	0.977715	-0.211070	1.81590	1.03847	1.72765	1.09654	1.17605	0.00000	0.00000	0.00000
3.00000	-2.09005	1.07781	0.869938	-0.242510	1.57114	1.09970	1.60299	0.838110	0.988343	0.00000	0.00000	0.00000
3.00000	-1.71621	0.987700	1.02366	0.166728	1.67087	1.07634	1.99761	1.10049	0.954991	0.00000	0.00000	0.00000
3.00000	-1.98733	1.04896	0.946639	-0.225132	1.95089	1.15109	1.65311	0.994553	1.09383	0.00000	0.00000	0.00000
3.00000	-2.13297	1.13648	0.898091	-0.227091	1.57774	1.11053	1.60877	0.827893	0.934637	0.00000	0.00000	0.00000
3.00000	-2.08656	1.13748	0.946639	-0.199694	1.83451	1.15109	1.73281	1.01193	1.03874	0.00000	0.00000	0.00000
4.00000	-2.64090	1.63053	1.07275	-1.21248	2.98282	1.02603	0.466572	2.25523	0.851273	1.57836	0.862367	0.975494
3.00000	-2.25508	1.30970	1.04064	-0.236310	1.63978	1.15871	1.70723	0.956429	1.02045	0.00000	0.00000	0.00000
3.00000	-1.63723	0.857421	0.942725	0.145874	1.58835	1.03220	2.06698	1.19289	1.01725	0.00000	0.00000	0.00000
3.00000	-2.09018	1.17688	0.971937	-0.240861	1.81469	1.06385	1.55831	0.892324	1.01657	0.00000	0.00000	0.00000
3.00000	-1.92141	1.13444	1.06166	-0.140815	2.17787	1.12960	1.79287	1.19286	1.20355	0.00000	0.00000	0.00000
3.00000	-1.83962	1.07966	1.07373	0.0800823	1.86072	1.15871	1.96008	1.06763	0.964109	0.00000	0.00000	0.00000
3.00000	-1.49746	0.833310	1.03677	0.219810	1.86754	1.07646	2.23553	1.35850	1.10437	0.00000	0.00000	0.00000
3.00000	-1.83198	0.968387	0.942725	-0.167650	1.72375	0.993754	1.55328	0.864360	1.00950	0.00000	0.00000	0.00000
3.00000	-1.91943	1.24927	1.11863	0.0455316	1.57048	0.920732	1.73892	0.911616	0.933667	0.00000	0.00000	0.00000
3.00000	-1.59856	1.02206	1.14035	0.332934	2.20432	1.26210	2.38720	1.44581	1.09542	0.00000	0.00000	0.00000
3.00000	-1.76136	1.05110	1.03677	0.0196374	2.01683	1.05508	1.83194	1.11957	1.07925	0.00000	0.00000	0.00000
3.00000	-2.15735	1.24903	1.01150	-0.233046	2.01152	1.15871	1.55016	0.896368	1.06263	0.00000	0.00000	0.00000
3.00000	-2.12497	1.18801	0.988909	-0.266473	1.86896	1.10685	1.63993	0.992956	1.05508	0.00000	0.00000	0.00000
3.00000	-1.61917	0.976328	1.06385	0.175963	2.04930	1.09000	1.97804	1.13534	1.01311	0.00000	0.00000	0.00000
3.00000	-1.72508	0.979325	1.01404	0.0876706	1.75326	1.06644	1.89498	1.03856	0.988343	0.00000	0.00000	0.00000
3.00000	-1.49906	0.893827	1.07275	0.203319	2.04763	1.08586	1.95417	1.13243	1.02366	0.00000	0.00000	0.00000
3.00000	-1.45803	0.986935	1.16708	0.180400	2.33282	1.02603	1.84601	1.14137	1.04820	0.00000	0.00000	0.00000
3.00000	-1.69134	0.969565	1.03912	0.0303834	1.97474	1.03677	1.79813	1.06111	1.04177	0.00000	0.00000	0.00000
3.00000	-1.75658	1.03801	1.04837	-0.0335244	2.06430	1.03677	1.62955	0.963820	1.07762	0.00000	0.00000	0.00000
3.00000	-1.54076	0.853207	1.01324	0.222325	1.64054	0.977715	1.99284	1.07510	0.933667	0.00000	0.00000	0.00000
3.00000	-1.48905	0.815055	1.00527	0.326082	1.64601	1.06329	2.18548	1.17086	0.926823	0.00000	0.00000	0.00000
3.00000	-1.78899	0.968508	0.983728	-0.182900	2.04661	1.05412	1.50883	0.914085	1.09542	0.00000	0.00000	0.00000
3.00000	-1.79124	1.02253	1.01324	-0.0119163	1.86108	1.02856	1.67557	0.922317	0.995670	0.00000	0.00000	0.00000
3.00000	-1.86564	1.10653	1.07973	-0.0678984	1.91408	1.03912	1.63524	0.924891	1.05926	0.00000	0.00000	0.00000
3.00000	-1.92309	1.22494	1.14035	0.0235254	1.93203	1.07533	1.75020	0.975819	1.02009	0.00000	0.00000	0.00000
3.00000	-1.92343	1.01444	0.940648	-0.0523748	1.57514	1.11053	1.64988	0.763249	0.896785	0.00000	0.00000	0.00000
3.00000	-2.07736	1.05253	0.869938	-0.313712	1.87045	1.15109	1.60145	0.940390	1.05926	0.00000	0.00000	0.00000
3.00000	-1.55146	0.979828	1.11863	0.199774	2.00403	0.995277	1.88039	1.07926	1.02413	0.00000	0.00000	0.00000
3.00000	-1.82490	1.05141	0.999334	-0.0261335	1.90787	1.04820	1.58297	0.820257	0.940322	0.00000	0.00000	0.00000
3.00000	-2.12040	1.19705	0.979686	-0.283846	1.96980	1.10782	1.48697	0.869238	1.08586	0.00000	0.00000	0.00000
3.00000	-1.77263	1.05007	1.02579	0.171487	1.80645	1.10782	2.08412	1.16528	0.942726	0.00000	0.00000	0.00000
3.00000	-1.64061	0.889800	0.975117	-0.0774140	2.13612	1.10657	1.45191	0.819195	1.05508	0.00000	0.00000	0.00000
3.00000	-1.97000	1.00259	0.877458	-0.139840	1.32235	1.02009	1.71953	0.902198	0.939272	0.00000	0.00000	0.00000
3.00000	-1.78804	1.01078	0.982557	0.0790992	1.87398	1.10923	1.96375	1.10793	0.983823	0.00000	0.00000	0.00000
3.00000	-1.81237	1.13254	1.10685	-0.0256529	2.11683	1.03847	1.59198	0.927109	1.05508	0.00000	0.00000	0.00000
3.00000	-1.97148	1.09280	0.972687	-0.123048	1.70771	1.03874	1.68439	0.933390	0.992054	0.00000	0.00000	0.00000
3.00000	-1.50491	0.871635	1.04837	0.282416	1.93696	1.10657	2.16055	1.26491	1.06674	0.00000	0.00000	0.00000
3.00000	-1.72825	0.846404	0.901447	0.0526925	1.65625	1.13434	2.03205	1.18422	1.02579	0.00000	0.00000	0.00000
3.00000	-2.38199	1.38021	0.995277	-0.407718	2.06360	1.17605	1.49886	0.950116	1.11053	0.00000	0.00000	0.00000
3.00000	-1.53365	0.830723	1.00527	0.244043	1.55574	1.04064	2.10325	1.16426	0.971937	0.00000	0.00000	0.00000
3.00000	-1.49199	0.745475	0.919837	0.254299	1.55853	1.03443	2.13994	1.17801	0.942357	0.00000	0.00000	0.00000
3.00000	-1.79647	0.972839	0.952832	0.00188781	1.72804	1.07771	1.81816	0.971760	0.957315	0.00000	0.00000	0.00000
3.00000	-1.54459	0.869457	1.02856	0.264929	1.60251	1.02993	1.94377	0.937210	0.830969	0.00000	0.00000	0.00000
3.00000	-2.12337	1.20439	0.991350	-0.227520	1.81581	1.07646	1.58462	0.904924	1.02366	0.00000	0.00000	0.00000
3.00000	-1.90992	1.33015	1.20920	0.162228	1.33445	0.942726	1.96684	1.05251	0.951353	0.00000	0.00000	0.00000
3.00000	-1.98287	1.15582	1.06073	0.187854	1.59812	1.27604	2.33555	1.35371	1.00950	0.00000	0.00000	0.00000
3.00000	-1.51379	0.821776	1.02603	0.344369	1.71770	1.15109	2.30667	1.28057	0.948815	0.00000	0.00000	0.00000
3.00000	-1.52146	0.915922	1.07634	0.149810	2.06044	1.01657	1.86778	1.09811	1.01404	0.00000	0.00000	0.00000
3.00000	-1.53791	0.733185	0.913221	0.0581719	1.67305	1.01657	1.79422	0.973803	0.975117	0.00000	0.00000	0.00000
4.00000	-2.60651	1.47127	0.951353	-1.17826	2.31133	0.822133	0.535150	2.26468	1.01150	2.18333	1.27305	1.03516
3.00000	-1.76586	0.958442	0.940648	0.0702889	1.71514	1.08171	1.93624	1.06956	0.967296	0.00000	0.00000	0.00000
3.00000	-1.78382	0.978066	1.00527	-0.0904516	1.98701	1.08171	1.68232	0.973758	1.05412	0.00000	0.00000	0.00000
3.00000	-1.68324	1.05654	1.08327	0.141631	1.78607	0.919837	1.79470	0.978464	0.942726	0.00000	0.00000	0.00000
3.00000	-1.87612	1.10152	1.03248	-0.0441963	2.20350	1.17970	2.00384	1.34243	1.21926	0.00000	0.00000	0.00000
3.00000	-1.93519	1.27565	1.21340	0.0701820	2.25235	1.16708	1.79742	1.05268	1.07375	0.00000	0.00000	0.00000
3.00000	-2.16505	1.16035	0.942246	-0.363375	1.83302	1.10782	1.48105	0.855705	1.05412	0.00000	0.00000	0.00000
3.00000	-1.38365	0.693479	0.953890	0.324679	1.54427	1.01139	2.13884	1.13375	0.920732	0.00000	0.00000	0.00000
3.00000	-1.98812	1.02354	0.910880	-0.118728	1.42471	1.10485	1.72193	0.838352	0.913221	0.00000	0.00000	0.00000
3.00000	-1.64938	1.02096	1.08050	0.271327	2.00000	1.12217	2.23588	1.34606	1.06438	0.00000	0.00000	0.00000
3.00000	-1.68674	0.908036	0.962640	-0.0295174	2.26325	1.26210	1.96980	1.20749	1.06255	0.00000	0.00000	0.00000
3.00000	-1.58006	0.899545	1.01324	0.0139732	2.04605	0.997505	1.73043	1.04178	1.11053	0.00000	0.00000	0.00000
3.00000	-1.62167	0.933260	1.08171	0.116993	1.98254	1.09609	2.00688	1.18972	1.06674	0.00000	0.00000	0.00000
3.00000	-1.79026	1.03605	1.02993	0.114735	1.84396	1.12217	2.04350	1.20147	1.03220	0.00000	0.00000	0.00000
3.00000	-1.80230	1.00839	0.997512	0.0765124	1.70905	1.10685	1.89465	1.00059	0.953683	0.00000	0.00000	0.00000
3.00000	-2.19247	1.36976	1.12918	-0.127855	1.94969	1.15871	1.61301	0.873171	0.978351	0.00000	0.00000	0.00000
