3.00000	-0.969643	0.874733	1.05223	0.461357	2.13236	0.987724	2.08808	1.50502	1.02019
3.00000	-1.43173	1.15784	1.04449	-0.0245115	2.33048	0.997567	1.45919	1.18194	1.06553
3.00000	-1.38238	1.12585	1.05802	0.242333	1.97878	0.988476	1.87616	1.32006	0.869255
3.00000	-1.80086	1.36767	1.02081	-0.171406	2.06128	0.940814	1.28549	0.996514	0.920832
3.00000	-1.17682	1.01585	1.15800	0.568823	2.07550	1.15382	2.40997	1.68523	0.994091
3.00000	-2.06924	1.47173	0.972827	-0.472504	2.18151	0.964836	0.960605	0.899561	1.05812
3.00000	-1.72171	1.26065	1.00621	-0.0605724	1.94501	1.08666	1.64153	1.19945	0.974905
3.00000	-1.67983	1.34079	1.12552	-0.0656093	2.39015	1.10929	1.45982	1.21600	1.14157
3.00000	-1.45541	1.08294	0.945874	-0.00960875	2.01749	0.949614	1.37160	1.05793	1.03872
3.00000	-2.01659	1.38584	0.926056	-0.451834	2.06561	1.02504	0.944558	0.852148	1.14668
3.00000	-1.55778	1.18384	1.02284	0.290343	1.88206	1.19660	2.22721	1.58024	1.04754
3.00000	-1.43251	1.17871	1.05769	0.0814992	2.33222	1.04780	1.64368	1.30256	1.11874
3.00000	-1.03092	0.855826	0.994425	0.453338	1.95872	1.03084	2.11057	1.45154	0.914495
3.00000	-1.93854	1.41233	1.02161	-0.286010	2.07688	1.00471	1.26703	1.04383	1.07555
3.00000	-0.940003	0.897003	1.16883	0.735967	2.03047	1.11353	2.49226	1.73687	1.00912
3.00000	-1.01944	0.874270	1.08811	0.640009	1.97426	1.15382	2.42990	1.69972	1.01079
3.00000	-1.44754	1.01745	0.914034	-0.127807	2.05039	0.945874	1.29627	1.01282	1.05347
3.00000	-1.77564	1.36910	1.04584	-0.0350494	1.91843	0.977435	1.58548	1.16752	0.926056
3.00000	-2.11359	1.48464	0.969518	-0.409714	2.07516	1.07745	1.21449	1.02663	1.05776
3.00000	-1.16103	1.00998	1.10879	0.277953	2.31386	1.07330	1.84824	1.38715	1.08020
3.00000	-1.95523	1.46468	1.16597	-0.208784	2.27064	1.15192	1.21529	0.999044	1.07683
2.00000	-1.31444	1.15623	1.19800	0.927667	0.884822	1.13478	0.00000	0.00000	0.00000
3.00000	-0.915574	0.821140	1.05812	0.556208	2.09193	1.06360	2.29499	1.61459	1.04984
3.00000	-1.31742	1.04208	0.963073	-0.0774073	2.27222	0.888932	1.21376	1.02779	1.01749
3.00000	-1.81696	1.39050	1.09637	-0.162678	2.21229	1.10543	1.45357	1.15319	1.03459
3.00000	-1.28647	1.03580	1.05848	0.296675	2.03418	1.08681	1.99864	1.40021	0.911391
3.00000	-2.30566	1.63958	0.974619	-0.568340	2.16651	1.14668	1.12009	0.998516	1.12453
3.00000	-1.50522	1.08664	0.949191	0.214964	1.72212	1.07555	1.94509	1.29537	0.850437
3.00000	-2.00845	1.41142	0.901091	-0.367673	1.97405	1.03084	1.29479	1.06070	1.05855
3.00000	-1.41827	1.15901	1.06360	0.201718	2.22355	1.07124	1.90173	1.44141	1.14472
3.00000	-2.24638	1.62533	1.10414	-0.490213	2.16100	1.10079	0.974420	0.863988	1.04449
3.00000	-1.98473	1.40819	0.939257	-0.276047	1.98953	1.04984	1.37577	1.08614	1.01079
3.00000	-2.27092	1.53615	0.965041	-0.498141	1.63810	1.09826	1.15984	0.837958	0.925500
3.00000	-1.07510	0.882029	0.996578	0.238055	2.21842	1.05785	1.92511	1.42060	1.00376
3.00000	-1.89918	1.39519	0.994091	-0.309659	2.20120	0.958841	1.16318	1.01160	1.04477
3.00000	-1.50691	1.15875	1.05223	-0.0518688	2.14949	0.963831	1.26931	0.989953	0.998786
3.00000	-1.26887	1.03944	1.05982	0.342520	2.05515	1.09826	2.08263	1.46097	0.961539
3.00000	-1.23911	0.876301	0.875665	0.150841	1.87266	0.949191	1.74567	1.23717	0.920832
3.00000	-1.69219	1.31704	1.07133	-0.158341	2.37911	1.06682	1.18631	1.02771	1.10879
3.00000	-2.43161	1.64769	0.920893	-0.685919	1.98051	1.04073	0.965795	0.881629	1.04111
3.00000	-1.92090	1.44577	1.09157	-0.327238	2.30751	1.04845	1.11741	0.999046	1.07793
3.00000	-1.46991	1.08548	0.984892	-0.0702535	2.01929	0.994425	1.39808	1.06590	1.03187
3.00000	-1.55309	1.24252	1.08826	-0.0216717	2.25995	1.01830	1.48028	1.16377	0.992346
3.00000	-1.54601	1.20608	1.04845	-0.0540650	2.26077	1.02147	1.36610	1.09089	1.07988
3.00000	-1.37237	1.09016	0.977435	0.0373832	2.30101	1.00471	1.54532	1.23865	1.10543
3.00000	-1.97317	1.36020	0.899709	-0.198069	1.81594	1.14444	1.57229	1.18211	0.991351
3.00000	-1.81642	1.32722	0.958095	-0.235667	2.15009	1.04216	1.38267	1.11916	1.07988
3.00000	-1.66402	1.26943	1.00599	0.301335	1.53260	1.15436	2.22632	1.56199	0.941754
3.00000	-1.16281	0.919561	1.03293	0.336001	1.98229	1.04453	1.97830	1.39779	1.00442
3.00000	-2.11131	1.45927	0.964650	-0.426685	1.83821	1.07832	1.16453	0.922959	1.05576
3.00000	-1.55334	1.20198	0.977435	0.124763	2.09971	1.04984	1.80118	1.33635	0.981674
3.00000	-1.50790	1.16775	1.08193	0.0842921	2.06054	1.03837	1.73130	1.28423	1.04289
3.00000	-1.46182	1.22105	1.13611	0.103427	2.33933	1.06145	1.66576	1.28701	1.08826
3.00000	-1.87337	1.38623	1.04330	-0.127771	2.10150	1.13888	1.57845	1.22409	1.04584
3.00000	-2.21546	1.58699	0.990380	-0.441051	1.85228	1.02161	1.15740	0.917903	0.968983
3.00000	-1.38710	1.13769	1.08474	0.0805209	2.22264	0.954315	1.52075	1.16406	0.962365
3.00000	-1.24662	0.994749	0.963831	0.125442	2.14817	0.939222	1.55257	1.16465	0.947079
3.00000	-2.11596	1.46127	0.900171	-0.418100	1.94852	1.07515	1.21377	0.994793	1.01885
3.00000	-1.04931	0.935270	1.15436	0.505840	2.00723	1.03463	2.13905	1.46441	0.920893
3.00000	-2.02112	1.38994	0.899348	-0.315119	1.86244	1.03300	1.35984	1.04402	0.980374
2.00000	-1.17361	0.916035	0.955756	0.921967	0.981102	1.24073	0.00000	0.00000	0.00000
3.00000	-2.12323	1.47153	0.896895	-0.485365	2.04915	1.07793	1.09993	0.958440	1.06754
2.00000	-1.18299	0.960494	1.04216	0.920817	0.860976	1.11391	0.00000	0.00000	0.00000
3.00000	-1.97136	1.45099	1.05624	-0.433401	2.34647	1.01749	0.888366	0.914940	1.21158
3.00000	-1.91336	1.38425	0.932703	-0.174323	1.97457	1.05776	1.56279	1.19004	0.976899
3.00000	-2.20784	1.57758	1.04754	-0.490064	1.92943	1.05855	1.02163	0.854648	1.04584
3.00000	-1.88311	1.39800	1.03723	-0.0101262	2.01162	1.16775	1.83974	1.37522	1.04289
3.00000	-1.47394	1.10621	0.926056	0.0793809	1.89010	0.896105	1.69081	1.25829	1.02563
3.00000	-1.80930	1.21048	0.845744	-0.238194	1.85267	1.05802	1.37600	1.05837	0.996428
3.00000	-1.31474	0.975984	0.928663	-0.0920203	2.19400	0.962731	1.25126	1.01072	1.06248
3.00000	-1.28158	1.05908	1.03902	0.231886	2.25549	1.07745	1.83576	1.40697	1.07806
3.00000	-0.949336	0.855102	1.08811	0.527713	2.12030	1.10533	2.14097	1.49168	0.959022
3.00000	-1.65034	1.24569	0.984206	-0.0572127	2.05614	1.01097	1.54804	1.17228	0.968983
3.00000	-1.03908	0.951548	1.18961	0.709819	2.07319	1.29853	2.58717	1.84456	1.10543
3.00000	-1.07423	0.966952	1.15229	0.268121	2.31212	1.01927	1.81011	1.36610	1.03770
3.00000	-1.53551	1.17925	1.02656	-0.0291184	2.16291	0.994425	1.44792	1.14770	1.04984
3.00000	-1.18104	0.972452	1.04853	-0.0464288	2.33556	0.949143	1.32641	1.13211	1.13888
3.00000	-1.12081	0.839790	0.911728	0.211198	2.00706	0.994091	1.83940	1.33542	1.04584
3.00000	-1.17365	0.948363	1.05848	0.428645	1.97166	1.07013	2.14952	1.48274	0.903546
3.00000	-2.07452	1.49736	1.01927	-0.345628	2.01745	1.10244	1.28828	1.01277	0.964836
3.00000	-1.55112	1.14713	1.03187	0.223589	1.74613	1.05710	1.96400	1.32717	0.871956
3.00000	-1.92474	1.30941	0.933775	-0.350614	1.80019	0.986873	1.13655	0.861354	0.945874
3.00000	-2.15705	1.52181	0.984803	-0.427815	1.95356	1.08328	1.18846	0.947638	0.992957
3.00000	-1.22733	0.969984	0.964851	0.0299844	2.13316	0.879245	1.49939	1.16008	0.947552
3.00000	-1.33901	1.14464	1.12453	0.226734	2.33516	1.06149	1.67435	1.23530	0.951526
3.00000	-1.01557	0.836295	1.00912	0.371069	2.23419	1.19278	2.20641	1.59843	1.02019
3.00000	-1.82761	1.33508	1.08474	-0.175057	2.01808	1.07124	1.44683	1.09943	0.989001
3.00000	-1.01482	0.776615	0.969518	0.363058	1.98055	1.08328	2.07039	1.49249	1.06396
3.00000	-2.10295	1.44386	0.962731	-0.251040	1.83351	1.14668	1.57850	1.17617	1.05785
3.00000	-1.93051	1.43010	1.06772	-0.293750	2.02418	1.01749	1.34031	1.07585	1.05528
3.00000	-1.89698	1.37681	0.962956	-0.280523	2.07759	0.951244	1.23623	1.01281	0.984206
3.00000	-1.76983	1.38169	1.08811	-0.0508819	2.29157	1.12453	1.66301	1.31073	1.08918
3.00000	-2.06240	1.46910	1.01697	-0.334611	1.94861	1.07745	1.19843	0.944088	0.996578
3.00000	-1.40887	1.11863	1.04853	0.367292	1.98834	1.16883	2.18267	1.54034	0.959022
3.00000	-1.38380	1.09551	0.995168	0.0514643	2.34798	1.08193	1.72577	1.37038	1.14444
3.00000	-1.05711	0.914186	1.08474	0.325250	2.12166	1.02563	1.90945	1.35092	0.925691
3.00000	-1.46706	1.22918	1.16597	0.147495	2.35882	1.15800	1.84244	1.40425	1.04477
3.00000	-1.62860	1.15576	0.994003	-0.148295	2.00989	1.03005	1.37056	1.05876	1.00987
3.00000	-1.30485	1.08099	1.07713	0.312254	2.07682	1.06808	1.98381	1.37614	0.918790
3.00000	-1.37032	1.06997	1.03318	0.206684	1.97214	1.02717	1.84154	1.28621	0.911728
3.00000	-1.71983	1.23067	0.992346	-0.181811	1.98272	0.991351	1.29821	0.984657	0.933420
3.00000	-1.44938	1.06798	0.994425	0.0220467	1.81900	0.893775	1.39275	0.985718	0.896895
3.00000	-1.86644	1.32809	0.980661	-0.0623805	1.80504	1.16775	1.73700	1.24892	0.938883
3.00000	-1.20621	0.992341	0.983109	0.310482	1.96582	0.900171	1.89722	1.36382	0.969518
3.00000	-1.38417	1.07534	0.998786	-0.0292110	2.07499	0.838135	1.31607	1.03574	0.969786
3.00000	-1.19608	1.07108	1.03828	0.126412	2.42285	0.911391	1.61689	1.32548	1.07855
3.00000	-1.87959	1.47828	1.15382	-0.112532	2.40839	1.14668	1.56727	1.29848	1.11259
3.00000	-1.56743	1.17069	0.972040	-0.0701997	2.11052	0.945677	1.37228	1.06887	0.975418
3.00000	-2.08961	1.48419	0.984803	-0.398333	2.08699	1.09637	1.28789	1.05437	1.06149
3.00000	-1.18855	1.00452	1.02666	0.512760	1.86953	0.989777	2.17364	1.43235	0.802378
3.00000	-2.10606	1.50637	1.01097	-0.317686	2.00129	1.11805	1.42569	1.09670	0.994091
3.00000	-1.48900	1.19963	1.07133	0.0686735	2.31380	1.07851	1.71426	1.31840	1.05383
3.00000	-2.48165	1.71801	0.994003	-0.574091	1.99782	1.18327	1.24191	1.05186	1.11992
3.00000	-1.35569	1.08848	1.06783	0.108458	2.13140	0.963346	1.58726	1.15874	0.932834
3.00000	-1.70574	1.26764	1.02605	0.0428324	2.00243	1.13183	1.79730	1.32046	1.01830
3.00000	-1.72448	1.34476	1.04453	-0.198089	2.36783	1.00912	1.21209	1.08203	1.19199
3.00000	-1.55398	1.22269	1.05576	0.130454	2.09418	1.08193	1.84826	1.33237	0.910531
3.00000	-1.54159	1.16701	1.08811	0.0440745	2.03148	1.03723	1.66556	1.21820	0.969786
3.00000	-1.69735	1.30415	1.08654	-0.0845760	2.16319	0.974132	1.43402	1.11126	0.928663
3.00000	-2.05955	1.47603	0.983396	-0.289603	1.81105	1.04584	1.39291	1.05435	0.988476
3.00000	-2.19725	1.49860	0.950406	-0.455826	1.76660	1.10664	1.19033	0.892803	1.02161
3.00000	-2.07138	1.50497	1.10079	-0.332034	2.07224	1.00192	1.12470	0.930380	1.03264
2.00000	-1.19492	1.09940	1.19660	1.08893	1.04029	1.11992	0.00000	0.00000	0.00000
3.00000	-1.66237	1.25381	0.980374	-0.0646827	2.10858	1.04477	1.54046	1.18257	1.06808
3.00000	-1.14521	0.992837	1.00040	0.244540	2.26437	0.937636	1.70563	1.31451	1.02656
