3.00000	-1.21560	1.20729	1.11189	0.456843	2.57140	1.05666	2.24029	1.71187	0.974317	0.00000	0.00000	0.00000
3.00000	-1.58453	1.33713	1.02669	0.275650	2.00698	0.987195	2.07477	1.53382	0.907664	0.00000	0.00000	0.00000
3.00000	-1.75441	1.51016	1.09238	0.0473772	2.48553	1.01295	1.66277	1.36550	1.01523	0.00000	0.00000	0.00000
3.00000	-1.70903	1.45055	1.06523	0.280680	2.00505	1.05151	2.20144	1.64598	0.941865	0.00000	0.00000	0.00000
2.00000	-0.645640	0.880814	1.18415	1.55079	1.36054	1.07956	0.00000	0.00000	0.00000	0.00000	0.00000	0.00000
3.00000	-1.76532	1.41989	0.999575	-0.261924	2.46894	0.869419	1.11191	1.10561	1.10817	0.00000	0.00000	0.00000
3.00000	-1.49713	1.33010	1.07558	0.425155	2.48369	1.22341	2.56280	2.00636	1.07496	0.00000	0.00000	0.00000
3.00000	-2.04601	1.57861	0.982268	-0.178523	2.16334	1.03389	1.62225	1.31819	0.989670	0.00000	0.00000	0.00000
3.00000	-1.45805	1.13596	0.924502	0.0154954	2.32647	1.00568	1.85123	1.54524	1.06221	0.00000	0.00000	0.00000
3.00000	-1.68540	1.13921	0.795964	-0.202032	2.17465	1.04526	1.55151	1.24433	0.965032	0.00000	0.00000	0.00000
2.00000	-1.18631	1.13781	1.08535	1.01139	1.08961	1.15368	0.00000	0.00000	0.00000	0.00000	0.00000	0.00000
3.00000	-1.70651	1.33529	0.953179	-0.130546	2.13791	0.838997	1.02726	0.848015	0.928140	0.00000	0.00000	0.00000
3.00000	-1.83409	1.60418	1.14141	0.274188	1.86082	1.04643	2.26407	1.74826	1.00602	0.00000	0.00000	0.00000
2.00000	-1.16198	1.14956	1.10644	0.753334	0.643409	0.932144	0.00000	0.00000	0.00000	0.00000	0.00000	0.00000
3.00000	-1.51495	1.33388	1.06165	0.130998	2.82155	1.18983	1.97251	1.63492	1.06557	0.00000	0.00000	0.00000
2.00000	-0.943740	0.610192	0.762737	0.967251	1.12778	1.21958	0.00000	0.00000	0.00000	0.00000	0.00000	0.00000
3.00000	-1.57610	1.30594	0.995671	-0.201999	2.80343	1.05931	1.14872	1.14802	1.11403	0.00000	0.00000	0.00000
3.00000	-1.71499	1.53458	1.14970	0.0675269	2.51150	0.945985	1.30427	1.08934	0.977346	0.00000	0.00000	0.00000
3.00000	-1.51887	1.20038	0.944131	0.199123	2.06778	1.00228	2.12631	1.67258	1.01636	0.00000	0.00000	0.00000
2.00000	-0.942951	0.971133	1.06809	1.04103	0.879678	0.939658	0.00000	0.00000	0.00000	0.00000	0.00000	0.00000
3.00000	-1.95892	1.58063	1.01877	0.0322510	2.37268	1.16866	2.08084	1.68617	1.05207	0.00000	0.00000	0.00000
3.00000	-2.01679	1.68209	1.10653	-0.00914768	2.14089	1.02201	1.78409	1.41199	0.987233	0.00000	0.00000	0.00000
2.00000	-0.837637	0.944361	1.11547	1.07876	0.760660	0.829741	0.00000	0.00000	0.00000	0.00000	0.00000	0.00000
3.00000	-2.28658	1.71270	0.949263	-0.385763	1.96651	0.999639	1.46231	1.25005	1.01685	0.00000	0.00000	0.00000
3.00000	-1.05760	1.06523	1.09304	0.394061	2.42499	0.921647	2.02125	1.55209	0.979311	0.00000	0.00000	0.00000
3.00000	-2.04472	1.54190	0.941690	-0.256892	2.11154	0.980102	1.32351	1.06836	0.955301	0.00000	0.00000	0.00000
3.00000	-2.23911	1.78079	1.04554	-0.361996	2.18181	0.920317	1.19706	1.07289	1.03303	0.00000	0.00000	0.00000
4.00000	-2.36672	1.87704	1.06154	-0.802063	3.02696	0.942078	1.02020	3.05348	0.968133	2.57223	1.96180	1.01344
3.00000	-1.88314	1.44956	0.957601	-0.0263800	2.19821	1.08176	1.85054	1.45004	0.988068	0.00000	0.00000	0.00000
3.00000	-1.29385	1.18860	1.06656	0.270082	2.52368	1.02168	1.99518	1.57454	0.993088	0.00000	0.00000	0.00000
2.00000	-1.24030	1.08225	1.00029	0.659044	0.614957	0.977850	0.00000	0.00000	0.00000	0.00000	0.00000	0.00000
3.00000	-2.08321	1.61426	0.981363	-0.215812	2.36894	1.07642	1.44266	1.19395	0.981464	0.00000	0.00000	0.00000
3.00000	-2.93388	2.07333	0.886877	-0.841205	2.12427	1.22738	0.901792	0.821753	0.968699	0.00000	0.00000	0.00000
2.00000	-0.556575	0.462045	0.968993	1.32916	1.20097	1.07163	0.00000	0.00000	0.00000	0.00000	0.00000	0.00000
3.00000	-1.98932	1.49153	0.932400	-0.217188	2.04475	0.977519	1.16150	0.874333	0.879147	0.00000	0.00000	0.00000
3.00000	-2.36370	1.97204	1.13854	-0.389520	1.70190	0.889467	1.08778	0.811123	0.865450	0.00000	0.00000	0.00000
2.00000	-0.710280	0.603535	0.937462	0.914499	0.524924	0.725895	0.00000	0.00000	0.00000	0.00000	0.00000	0.00000
3.00000	-2.18097	1.61223	0.922225	-0.223441	2.10857	1.13933	1.72570	1.37115	0.989130	0.00000	0.00000	0.00000
3.00000	-1.33622	1.13808	1.01849	0.350263	1.96806	0.937338	1.83825	1.21923	0.792909	0.00000	0.00000	0.00000
3.00000	-2.19839	1.71614	1.01626	-0.191283	2.04303	1.09695	1.65254	1.30104	0.966559	0.00000	0.00000	0.00000
3.00000	-2.29929	1.79413	1.01238	-0.509623	2.53632	0.963601	0.893390	1.00900	1.14220	0.00000	0.00000	0.00000
2.00000	-0.919903	1.08301	1.20447	1.12972	0.918821	0.944330	0.00000	0.00000	0.00000	0.00000	0.00000	0.00000
3.00000	-1.24690	1.17099	1.07928	0.191527	2.46641	0.887453	1.29076	1.04785	0.953371	0.00000	0.00000	0.00000
2.00000	-0.991561	1.07065	1.13739	1.21467	1.17813	1.11037	0.00000	0.00000	0.00000	0.00000	0.00000	0.00000
2.00000	-0.635531	0.962960	1.27941	1.45196	1.06201	0.871973	0.00000	0.00000	0.00000	0.00000	0.00000	0.00000
3.00000	-2.43858	1.92708	1.04756	-0.517647	2.65597	1.04361	0.959581	1.07409	1.17265	0.00000	0.00000	0.00000
2.00000	-1.11415	1.09323	1.09497	1.04250	1.05860	1.09872	0.00000	0.00000	0.00000	0.00000	0.00000	0.00000
4.00000	-3.01494	2.11710	0.865473	-1.40640	2.95868	0.984732	0.653279	3.15792	1.12969	2.82808	2.38945	1.22588
2.00000	-1.32567	1.33084	1.18983	0.987650	1.06509	1.14861	0.00000	0.00000	0.00000	0.00000	0.00000	0.00000
2.00000	-1.09791	0.897803	0.922258	0.737881	0.665789	0.955871	0.00000	0.00000	0.00000	0.00000	0.00000	0.00000
3.00000	-0.760048	0.877490	1.11770	0.687438	2.41151	1.04643	2.52570	1.83004	0.924277	0.00000	0.00000	0.00000
2.00000	-0.686653	0.547069	0.917500	1.24078	1.24179	1.17799	0.00000	0.00000	0.00000	0.00000	0.00000	0.00000
2.00000	-0.622274	0.407245	0.883400	1.17364	1.11295	1.05931	0.00000	0.00000	0.00000	0.00000	0.00000	0.00000
2.00000	-0.659261	0.685173	1.03214	1.39139	1.32733	1.16081	0.00000	0.00000	0.00000	0.00000	0.00000	0.00000
3.00000	-1.73962	1.42053	1.00456	-0.0401038	2.43981	0.999639	1.72571	1.46005	1.07462	0.00000	0.00000	0.00000
3.00000	-1.51742	1.28900	1.01403	0.146124	2.26845	0.938258	1.84008	1.45574	0.984669	0.00000	0.00000	0.00000
3.00000	-1.12951	1.12743	1.11005	0.665369	2.22407	1.02355	2.48373	1.79086	0.902416	0.00000	0.00000	0.00000
3.00000	-1.02507	1.05045	1.11495	0.525100	2.37721	0.971723	2.30794	1.75523	0.969130	0.00000	0.00000	0.00000
3.00000	-2.18741	1.79416	1.10644	-0.405165	2.70089	1.00772	0.980347	1.08791	1.16748	0.00000	0.00000	0.00000
2.00000	-0.972657	0.662276	0.801571	0.797010	0.774334	1.00338	0.00000	0.00000	0.00000	0.00000	0.00000	0.00000
3.00000	-1.59899	1.32263	1.01417	0.299046	1.62840	0.955188	2.00638	1.36987	0.806693	0.00000	0.00000	0.00000
3.00000	-1.56926	1.32892	1.02292	-0.111910	2.69485	1.00454	1.51028	1.38983	1.11224	0.00000	0.00000	0.00000
3.00000	-1.20091	1.11114	1.08256	0.567872	2.14695	1.03039	2.40210	1.71822	0.890902	0.00000	0.00000	0.00000
3.00000	-1.01326	1.03094	1.09054	0.533756	2.66508	1.19323	2.58194	1.99366	1.03508	0.00000	0.00000	0.00000
3.00000	-1.68534	1.41845	1.07225	0.00862727	2.42126	0.963601	1.71407	1.44155	1.06895	0.00000	0.00000	0.00000
3.00000	-1.33088	1.21741	1.07209	0.616252	2.13625	1.12783	2.67209	2.01347	0.977061	0.00000	0.00000	0.00000
3.00000	-2.70020	2.14376	1.08535	-0.621077	2.00103	1.04201	1.02826	0.900056	0.977750	0.00000	0.00000	0.00000
2.00000	-0.712168	0.695887	0.990203	1.14007	0.894445	0.891830	0.00000	0.00000	0.00000	0.00000	0.00000	0.00000
2.00000	-1.15919	1.11110	1.10136	0.670650	0.455460	0.873174	0.00000	0.00000	0.00000	0.00000	0.00000	0.00000
2.00000	-0.939614	0.750988	0.889156	0.909367	0.828368	0.996173	0.00000	0.00000	0.00000	0.00000	0.00000	0.00000
2.00000	-0.707636	0.585766	0.915863	1.20020	1.15813	1.09220	0.00000	0.00000	0.00000	0.00000	0.00000	0.00000
2.00000	-0.904685	0.915567	1.06809	1.10431	0.971900	0.987332	0.00000	0.00000	0.00000	0.00000	0.00000	0.00000
3.00000	-1.19154	1.03196	0.990276	0.435669	1.91628	0.883648	2.25961	1.72567	0.986382	0.00000	0.00000	0.00000
3.00000	-2.32600	1.83352	1.01344	-0.305435	2.46269	1.12969	1.52242	1.34098	1.06808	0.00000	0.00000	0.00000
2.00000	-0.700569	0.751077	1.05585	1.14974	0.826695	0.840617	0.00000	0.00000	0.00000	0.00000	0.00000	0.00000
3.00000	-1.12366	0.865283	0.887035	0.526782	1.81963	1.05891	2.47747	1.82987	0.941044	0.00000	0.00000	0.00000
3.00000	-1.78440	1.37945	0.964934	0.0117961	2.07451	1.01501	1.53952	1.08749	0.843487	0.00000	0.00000	0.00000
