3.00000	-2.27633	1.30119	0.994704	-0.412403	1.79182	1.04930	1.31111	0.740121	1.05127	0.00000	0.00000	0.00000
3.00000	-1.67248	0.959794	1.01033	0.119035	2.01120	1.11017	1.90362	1.06915	1.00904	0.00000	0.00000	0.00000
3.00000	-1.47397	0.894799	1.08342	0.190691	1.80537	0.891824	1.78607	0.979838	0.955162	0.00000	0.00000	0.00000
3.00000	-1.51851	0.854086	1.01549	0.263777	1.88253	1.09606	2.16678	1.25883	0.996748	0.00000	0.00000	0.00000
3.00000	-2.44763	1.41064	0.972737	-0.449746	1.38671	1.10097	1.49493	0.821763	1.00448	0.00000	0.00000	0.00000
3.00000	-1.67898	0.922525	0.976396	0.0312308	1.75912	0.988311	1.58885	0.783964	0.925779	0.00000	0.00000	0.00000
3.00000	-2.62880	1.35039	0.811152	-0.691364	1.41685	1.18152	1.35334	0.760512	1.03662	0.00000	0.00000	0.00000
4.00000	-2.31291	1.40998	1.06244	-0.610561	2.46585	1.06113	1.19543	2.24179	0.850128	2.85776	1.70247	0.977920
3.00000	-1.78235	1.01476	0.983884	0.110004	1.82086	1.12334	2.06306	1.20481	1.00129	0.00000	0.00000	0.00000
3.00000	-1.50874	0.925802	1.11464	0.455573	1.83416	1.13511	2.45290	1.41003	0.967165	0.00000	0.00000	0.00000
3.00000	-1.76170	1.01925	1.03219	0.0605274	1.83326	1.03269	1.82674	1.01301	0.978550	0.00000	0.00000	0.00000
3.00000	-1.59024	0.879744	0.996354	0.146134	1.73267	0.991084	2.10819	1.31019	1.07583	0.00000	0.00000	0.00000
3.00000	-1.48463	0.828684	1.00019	0.0326518	1.89133	0.901700	1.61344	0.917567	1.04545	0.00000	0.00000	0.00000
3.00000	-2.04819	1.10285	0.918584	-0.0824504	1.54643	1.14883	2.00642	1.20510	1.04343	0.00000	0.00000	0.00000
3.00000	-1.71399	0.854860	0.893377	0.0130702	1.48623	0.995746	1.77970	0.908721	0.921710	0.00000	0.00000	0.00000
3.00000	-2.07210	1.10812	0.897004	-0.249591	1.66840	1.03909	1.69298	1.01682	1.07136	0.00000	0.00000	0.00000
4.00000	-3.53271	2.21592	1.03880	-1.55961	2.92612	1.16235	0.316229	2.30105	0.872730	1.79405	1.11395	1.08927
3.00000	-2.14195	1.34143	1.13579	-0.198399	2.17473	1.13300	1.61696	1.02481	1.11302	0.00000	0.00000	0.00000
3.00000	-1.90748	1.02947	0.944739	-0.226290	1.72880	0.938751	1.49186	0.888558	1.11166	0.00000	0.00000	0.00000
3.00000	-1.74673	1.05097	1.09204	0.120138	2.12205	1.17839	2.03803	1.19380	1.01222	0.00000	0.00000	0.00000
3.00000	-2.09930	1.18419	0.949047	-0.281384	1.98323	1.09526	1.45771	0.867967	1.07325	0.00000	0.00000	0.00000
3.00000	-1.82696	1.05884	1.04343	-0.0576964	1.37185	0.873752	1.68348	0.972232	1.05125	0.00000	0.00000	0.00000
3.00000	-2.10066	1.17018	0.975683	-0.269727	1.66799	1.02651	1.50373	0.834989	1.00448	0.00000	0.00000	0.00000
3.00000	-1.83466	1.07169	1.06089	-0.0442046	2.08077	1.15724	1.79475	1.05715	1.02640	0.00000	0.00000	0.00000
3.00000	-1.64422	0.911234	0.978127	0.0677328	1.85897	1.01939	1.80671	0.997392	0.977920	0.00000	0.00000	0.00000
3.00000	-1.52738	0.903687	1.08336	0.323231	1.40276	0.934853	2.05532	1.09091	0.911658	0.00000	0.00000	0.00000
4.00000	-3.09830	1.93413	1.06273	-1.29856	2.93633	1.09606	0.525095	2.29370	0.946889	2.14272	1.29198	1.07766
3.00000	-1.56129	0.845959	0.990484	0.236152	1.53417	0.989417	1.98263	1.03790	0.902799	0.00000	0.00000	0.00000
3.00000	-1.94118	0.940553	0.846431	-0.161855	1.55308	1.08927	1.84130	1.10030	1.04379	0.00000	0.00000	0.00000
3.00000	-2.27328	1.30180	0.965200	-0.378702	1.76124	1.04140	1.36914	0.756574	1.00441	0.00000	0.00000	0.00000
4.00000	-1.98930	1.15480	1.03034	-0.244183	1.97246	1.01222	1.70199	2.59046	1.15724	3.68954	2.22916	0.974830
3.00000	-1.74074	0.856536	0.872836	-0.149318	2.00387	1.13579	1.72487	1.01726	1.04123	0.00000	0.00000	0.00000
3.00000	-2.06147	1.11148	0.928953	-0.179611	1.67968	1.13300	1.67882	0.911272	1.00448	0.00000	0.00000	0.00000
3.00000	-1.80298	1.08659	1.06138	0.126619	1.60687	1.03662	1.84692	0.942379	0.900210	0.00000	0.00000	0.00000
3.00000	-1.91971	0.960978	0.873752	-0.0438939	1.42423	1.14055	1.86149	0.970358	0.911658	0.00000	0.00000	0.00000
3.00000	-2.21238	1.33687	1.04604	-0.269640	2.20141	1.16235	1.54884	0.984304	1.11210	0.00000	0.00000	0.00000
3.00000	-1.52848	0.857486	1.03034	0.348637	1.68159	1.13300	2.45780	1.55590	1.12247	0.00000	0.00000	0.00000
3.00000	-2.04052	1.17378	1.01107	-0.134174	1.86370	1.12783	1.70645	0.949035	1.00594	0.00000	0.00000	0.00000
3.00000	-1.51540	1.02075	1.17918	0.390638	2.12054	1.08943	2.21821	1.28732	0.988311	0.00000	0.00000	0.00000
3.00000	-1.55250	0.862172	0.979013	0.120375	1.84797	0.981768	1.88531	1.07727	0.988543	0.00000	0.00000	0.00000
3.00000	-1.47408	0.847959	1.04510	0.0170123	2.25213	1.10062	1.73459	1.04557	1.05127	0.00000	0.00000	0.00000
3.00000	-1.56147	0.950982	1.07130	0.183252	2.02240	1.04140	1.99042	1.15909	0.984743	0.00000	0.00000	0.00000
3.00000	-1.54711	0.854652	1.01107	0.157131	1.88067	1.05125	1.96187	1.09128	0.954555	0.00000	0.00000	0.00000
3.00000	-1.53465	0.915202	1.06115	0.422850	1.90247	1.18638	2.42790	1.38821	0.955162	0.00000	0.00000	0.00000
3.00000	-1.77953	1.03794	1.01606	-0.0362056	2.08260	1.06113	1.74858	1.06774	1.08722	0.00000	0.00000	0.00000
3.00000	-1.47224	0.939400	1.10756	0.0987607	2.15316	0.928106	1.68043	1.02615	1.08095	0.00000	0.00000	0.00000
3.00000	-1.71526	0.931967	0.981768	0.0294396	1.71947	0.996354	1.81525	1.01055	0.986304	0.00000	0.00000	0.00000
3.00000	-2.07677	1.09206	0.894287	-0.201401	1.73350	1.14055	1.77608	1.02542	1.01549	0.00000	0.00000	0.00000
3.00000	-1.63261	0.942651	1.01568	0.142982	1.88727	1.03257	1.71296	0.846145	0.869706	0.00000	0.00000	0.00000
3.00000	-1.49988	0.898425	1.06308	0.324857	1.74763	1.00594	2.17161	1.26098	0.976989	0.00000	0.00000	0.00000
3.00000	-1.74982	0.981169	0.980997	0.0886622	1.87441	1.10173	2.09093	1.26178	1.04451	0.00000	0.00000	0.00000
3.00000	-1.52119	0.894702	1.06171	0.391456	1.85124	1.14268	2.27678	1.25954	0.939193	0.00000	0.00000	0.00000
3.00000	-1.85539	1.08529	1.02933	-0.00723995	2.03857	1.11497	1.86720	1.11925	1.05122	0.00000	0.00000	0.00000
3.00000	-2.13359	1.16248	0.950808	-0.222466	1.68558	1.10334	1.62529	0.880899	0.974830	0.00000	0.00000	0.00000
3.00000	-1.62732	1.03589	1.12704	-0.0197526	2.31666	1.00904	1.66278	1.08645	1.15081	0.00000	0.00000	0.00000
3.00000	-1.50520	0.952670	1.13511	0.249786	2.14909	1.08504	2.09294	1.27085	1.05125	0.00000	0.00000	0.00000
3.00000	-1.65205	0.953248	1.01568	0.129563	1.83721	1.02805	1.93416	1.13869	1.04545	0.00000	0.00000	0.00000
4.00000	-1.90266	1.08149	0.984743	-0.376483	2.21824	0.989417	1.52666	2.94265	1.12824	3.38226	2.09944	1.03219
3.00000	-1.59104	0.777450	0.916917	-0.0596291	1.77253	0.990816	1.61115	0.892573	1.00441	0.00000	0.00000	0.00000
3.00000	-1.90192	1.04720	0.972966	-0.0827299	1.71277	1.03662	1.77922	1.03053	1.00904	0.00000	0.00000	0.00000
3.00000	-1.86946	1.10140	1.04930	-0.131053	2.04357	1.05159	1.57867	0.958871	1.09451	0.00000	0.00000	0.00000
3.00000	-1.81641	1.07398	1.04604	-0.106371	2.04889	1.00520	1.50257	0.890490	1.06531	0.00000	0.00000	0.00000
4.00000	-1.60962	0.972090	1.07723	-0.0263245	2.00645	0.913746	1.65827	2.59777	0.974024	3.26522	1.87483	0.902950
3.00000	-2.32477	1.43369	1.06915	-0.252402	1.49516	1.08371	1.67326	0.928266	0.986762	0.00000	0.00000	0.00000
3.00000	-1.38396	0.812505	1.04604	0.401612	1.88356	1.09041	2.21092	1.19907	0.913755	0.00000	0.00000	0.00000
3.00000	-1.50126	0.757379	0.929940	0.233483	1.60707	1.04140	2.07414	1.10887	0.939193	0.00000	0.00000	0.00000
3.00000	-2.35722	1.32330	0.938751	-0.441477	1.81004	1.10482	1.39097	0.810564	1.04842	0.00000	0.00000	0.00000
3.00000	-2.20085	1.26471	0.989417	-0.277398	1.83593	1.12247	1.63659	0.958246	1.06308	0.00000	0.00000	0.00000
3.00000	-2.00550	1.22735	1.10491	-0.149204	2.15142	1.12293	1.58466	0.941040	1.05624	0.00000	0.00000	0.00000
3.00000	-1.44511	0.883511	1.10062	0.239511	1.96408	1.01184	2.07985	1.23418	1.04930	0.00000	0.00000	0.00000
3.00000	-1.60560	0.912913	1.03269	0.0599380	2.06188	1.07968	1.84359	1.11162	1.07766	0.00000	0.00000	0.00000
3.00000	-1.68586	0.945918	1.00019	0.277590	1.77354	1.20228	2.29017	1.30652	0.976396	0.00000	0.00000	0.00000
3.00000	-1.57367	0.934925	1.11487	0.298548	1.85418	1.11464	2.09060	1.12308	0.927457	0.00000	0.00000	0.00000
3.00000	-1.87078	0.976635	0.929940	0.0142530	1.57806	1.11166	1.84766	0.928963	0.902799	0.00000	0.00000	0.00000
3.00000	-2.16335	1.28018	1.01381	-0.266809	1.84698	1.04104	1.35494	0.709034	0.975683	0.00000	0.00000	0.00000
3.00000	-1.80631	1.06358	1.03269	0.0868102	1.53764	0.988984	1.97402	1.12030	1.01055	0.00000	0.00000	0.00000
3.00000	-2.10197	1.12216	0.897004	-0.231344	1.64267	1.08842	1.52205	0.754038	0.917948	0.00000	0.00000	0.00000
3.00000	-2.16469	1.28819	1.01033	-0.405403	2.07259	0.987581	1.26042	0.819736	1.12078	0.00000	0.00000	0.00000
3.00000	-1.47387	0.866411	1.04123	0.488204	1.48896	1.07721	2.39211	1.27083	0.880132	0.00000	0.00000	0.00000
3.00000	-1.86502	1.16354	1.08504	-0.215501	2.19578	0.939193	1.29217	0.844969	1.13300	0.00000	0.00000	0.00000
3.00000	-1.73280	1.03824	1.04379	0.241954	1.37000	1.01606	2.04794	1.04025	0.860526	0.00000	0.00000	0.00000
3.00000	-1.50378	0.815168	0.987638	0.346654	1.70832	1.14070	2.34441	1.33556	0.964980	0.00000	0.00000	0.00000
3.00000	-1.86446	1.13180	1.08095	0.0116580	1.76835	0.991084	1.84859	1.08911	1.05758	0.00000	0.00000	0.00000
3.00000	-1.61322	1.09892	1.20228	0.102418	2.42328	1.07661	1.77621	1.13882	1.11166	0.00000	0.00000	0.00000
3.00000	-1.80059	1.04698	1.00594	-0.0381548	1.86557	0.976989	1.75706	1.04674	1.07766	0.00000	0.00000	0.00000
3.00000	-2.08172	1.23642	1.06983	-0.147737	1.92570	1.10482	1.69920	0.997015	1.05815	0.00000	0.00000	0.00000
3.00000	-1.52814	0.887298	1.02607	-0.0409580	2.08895	0.936136	1.54700	0.941362	1.06115	0.00000	0.00000	0.00000
3.00000	-2.01612	1.03565	0.879917	-0.364426	1.84823	1.04451	1.47754	0.905966	1.12334	0.00000	0.00000	0.00000
3.00000	-1.74213	0.882422	0.933022	0.138673	1.32586	1.12325	2.06310	1.11616	0.927457	0.00000	0.00000	0.00000
3.00000	-2.11447	1.23546	1.03880	-0.274860	2.12549	1.10944	1.57957	1.02186	1.12078	0.00000	0.00000	0.00000
3.00000	-1.98570	1.15353	0.998715	-0.111735	2.04134	1.14070	1.67397	0.973638	1.02933	0.00000	0.00000	0.00000
3.00000	-1.81876	1.00895	0.990941	0.0578416	1.66065	1.07022	2.02474	1.21569	1.06273	0.00000	0.00000	0.00000
3.00000	-1.61420	0.965487	1.07583	0.162941	1.87695	1.01155	1.64838	0.806226	0.917999	0.00000	0.00000	0.00000
3.00000	-2.39661	1.44884	1.01107	-0.437275	2.20461	1.15724	1.38704	0.929271	1.16740	0.00000	0.00000	0.00000
3.00000	-1.59035	0.828487	0.956310	0.215131	1.81667	1.20947	2.23404	1.28307	0.988311	0.00000	0.00000	0.00000
3.00000	-1.80626	1.03578	1.03265	0.0164477	1.70593	0.994870	1.78082	0.986595	1.01184	0.00000	0.00000	0.00000
4.00000	-2.50265	1.40314	0.972966	-1.22625	2.31308	0.731316	0.404847	2.43151	1.00129	1.82451	1.08439	1.06273
3.00000	-1.30372	0.626953	0.959555	0.294983	1.73741	1.03257	2.06078	1.11858	0.947125	0.00000	0.00000	0.00000
3.00000	-1.63430	0.802219	0.926266	0.189227	1.39438	1.06534	2.21821	1.35723	1.05234	0.00000	0.00000	0.00000
3.00000	-2.09382	1.06705	0.869706	-0.235435	1.42110	1.07766	1.60676	0.803295	0.925779	0.00000	0.00000	0.00000
3.00000	-1.70833	0.996285	1.04379	0.240135	1.91179	1.18152	2.34015	1.42071	1.03662	0.00000	0.00000	0.00000
3.00000	-2.09183	1.18115	0.949074	-0.290805	1.92922	1.03909	1.54958	0.960535	1.09526	0.00000	0.00000	0.00000
3.00000	-1.99731	1.19197	1.04451	-0.243571	2.10844	1.03034	1.45743	0.912740	1.10050	0.00000	0.00000	0.00000
3.00000	-1.99957	1.01641	0.858076	-0.293675	1.47395	0.937849	1.55747	0.912042	1.02805	0.00000	0.00000	0.00000
3.00000	-1.61783	0.975711	1.06113	-0.0144022	1.93699	0.879917	1.48201	0.842581	1.00520	0.00000	0.00000	0.00000
3.00000	-2.01095	1.21162	1.06171	-0.161261	2.13726	1.10252	1.69561	1.07499	1.10173	0.00000	0.00000	0.00000
3.00000	-1.84978	1.04083	1.00275	-0.125593	1.96859	1.05127	1.58225	0.908805	1.05234	0.00000	0.00000	0.00000
3.00000	-1.39105	0.843142	1.06017	0.320929	1.88566	0.972737	2.00940	1.09549	0.935353	0.00000	0.00000	0.00000
3.00000	-1.80292	1.12808	1.09165	0.123096	2.02450	1.08336	1.90359	1.08571	0.977920	0.00000	0.00000	0.00000
3.00000	-2.23849	1.27121	0.978127	-0.205371	1.56930	1.17918	1.86415	1.09075	1.05160	0.00000	0.00000	0.00000
3.00000	-2.14796	1.21103	0.980997	-0.301013	1.80467	1.07325	1.46300	0.804260	0.999272	0.00000	0.00000	0.00000
3.00000	-2.12357	1.15496	0.943213	-0.148062	1.25283	1.11017	1.73651	0.826308	0.882943	0.00000	0.00000	0.00000
3.00000	-1.68987	1.04174	1.09725	0.0919234	1.79557	0.926266	1.59151	0.801918	0.927947	0.00000	0.00000	0.00000
3.00000	-1.88020	1.08228	1.01381	0.0484775	1.72499	1.13300	1.89630	1.00582	0.917501	0.00000	0.00000	0.00000
3.00000	-1.76028	0.941976	0.951911	-0.0314715	1.78840	1.03880	1.78622	1.00831	1.00448	0.00000	0.00000	0.00000
3.00000	-1.90064	1.06872	0.998178	-0.172423	1.94796	1.01702	1.54737	0.910828	1.04343	0.00000	0.00000	0.00000
3.00000	-1.45220	0.868797	1.06388	0.164285	2.02838	0.976215	1.94859	1.18895	1.04126	0.00000	0.00000	0.00000
3.00000	-1.64061	0.977231	1.07022	0.124246	1.99308	1.08336	1.96825	1.16753	1.04545	0.00000	0.00000	0.00000
3.00000	-1.76975	0.897600	0.883557	-0.0488320	1.67656	1.03265	1.81899	1.02773	0.998715	0.00000	0.00000	0.00000
3.00000	-1.63070	0.774408	0.888089	0.0526207	1.74117	1.13039	2.03963	1.18614	0.990404	0.00000	0.00000	0.00000
3.00000	-1.93970	1.04548	0.944739	0.0225259	1.43956	1.15724	2.00838	1.10296	0.960299	0.00000	0.00000	0.00000
4.00000	-1.61277	0.886724	0.995746	-0.313575	2.01433	0.790762	1.30160	2.92458	1.13974	3.15037	1.98795	1.06308
3.00000	-1.66676	0.939398	0.983884	-0.0904341	2.17541	1.05815	1.68681	1.09192	1.14883	0.00000	0.00000	0.00000
3.00000	-1.95683	1.08803	0.980496	-0.104673	1.85507	1.09482	1.64376	0.905398	1.00520	0.00000	0.00000	0.00000
3.00000	-1.85841	1.14088	1.11306	-0.0905575	2.23680	1.08342	1.56300	0.957863	1.07325	0.00000	0.00000	0.00000
3.00000	-1.79851	1.14526	1.11464	0.0229015	2.14294	1.04126	1.80141	1.12255	1.09526	0.00000	0.00000	0.00000
3.00000	-2.31352	1.28871	0.957896	-0.358791	1.75474	1.18152	1.50395	0.797082	0.990404	0.00000	0.00000	0.00000
3.00000	-1.85481	1.02003	0.975729	-0.108570	1.89534	1.10252	1.64706	0.922636	1.00541	0.00000	0.00000	0.00000
3.00000	-1.85276	1.03604	0.964980	0.0304953	1.82156	1.12680	1.85261	1.00379	0.941785	0.00000	0.00000	0.00000
3.00000	-1.26033	0.782880	1.11017	0.360834	2.09247	1.02673	2.15699	1.27163	1.03265	0.00000	0.00000	0.00000
3.00000	-1.45393	0.857721	1.08722	0.188351	2.01512	1.02017	1.91682	1.11394	1.00520	0.00000	0.00000	0.00000
3.00000	-1.69051	1.06011	1.09725	0.124228	2.10607	1.08842	1.89390	1.09351	1.00107	0.00000	0.00000	0.00000
3.00000	-1.59427	0.969396	1.07583	0.246555	2.03442	1.12824	2.09874	1.23136	1.01702	0.00000	0.00000	0.00000
3.00000	-1.61126	0.984954	1.11306	-0.00419391	2.23741	1.03880	1.64259	1.00969	1.08943	0.00000	0.00000	0.00000
3.00000	-1.79718	0.934664	0.899059	-0.128870	1.20422	0.802225	1.51961	0.769265	0.913755	0.00000	0.00000	0.00000
3.00000	-1.38999	0.862406	1.09788	0.375480	2.07260	1.11210	2.14468	1.21140	0.979013	0.00000	0.00000	0.00000
3.00000	-1.92204	1.07200	0.990484	0.0123899	1.84764	1.18767	1.96802	1.13024	1.05188	0.00000	0.00000	0.00000
3.00000	-2.07298	1.23975	1.08504	-0.135133	1.94233	1.10293	1.62916	0.907747	0.996841	0.00000	0.00000	0.00000
3.00000	-1.66914	1.01063	1.06983	0.172483	1.97441	1.09482	1.99055	1.14056	0.983106	0.00000	0.00000	0.00000
3.00000	-1.89268	1.08483	1.01155	-0.00357234	1.69630	1.09725	1.88658	1.06352	0.989417	0.00000	0.00000	0.00000
3.00000	-2.06753	1.18704	0.990816	-0.0523605	1.72340	1.18152	1.92329	1.10288	1.01381	0.00000	0.00000	0.00000
3.00000	-1.66319	0.974197	1.03034	0.127328	1.90023	1.05125	1.97290	1.13921	0.976989	0.00000	0.00000	0.00000
3.00000	-1.67692	0.949645	0.995291	0.207557	1.77780	1.09725	2.11834	1.18896	0.951042	0.00000	0.00000	0.00000
3.00000	-1.93111	1.12399	1.01155	-0.202823	2.02822	1.00904	1.49909	0.914886	1.05577	0.00000	0.00000	0.00000
3.00000	-2.31490	1.60031	1.21787	-0.154335	1.61545	1.09204	1.58374	0.795109	0.955162	0.00000	0.00000	0.00000
3.00000	-1.78948	1.07018	1.05815	0.0965378	1.83932	1.05125	1.86572	1.01166	0.941455	0.00000	0.00000	0.00000
3.00000	-1.85334	1.01031	0.989669	0.0202134	1.39597	1.03662	1.85903	0.979689	0.942318	0.00000	0.00000	0.00000
3.00000	-1.62724	0.973683	1.09482	0.304869	1.91135	1.18152	2.28722	1.32612	1.00102	0.00000	0.00000	0.00000
3.00000	-1.98898	1.25182	1.11306	-0.168883	2.24278	1.07022	1.52411	0.980422	1.13579	0.00000	0.00000	0.00000
3.00000	-1.88886	1.13543	1.08022	-0.0275567	2.00036	1.07661	1.72630	1.01554	1.06171	0.00000	0.00000	0.00000
3.00000	-1.82516	1.03183	0.994704	-0.133164	1.94969	0.989669	1.50343	0.859984	1.02640	0.00000	0.00000	0.00000
3.00000	-1.75200	1.05364	1.08336	0.348860	1.30484	1.12293	2.20529	1.08283	0.814057	0.00000	0.00000	0.00000
